4.25495822364784	-6.420612698722547e-15	8.88333161657428e-15	1.8035512153166185e-15	2.6681961338980325e-15	-1.5692724867833847e-15	3.873310653584918e-16	-6.453879670981471e-17	6.859091140164284e-15	-6.22285499745782e-16	2.8578903053411582e-15	8.366232949328395e-16	-1.161592289886296e-15	8.98851097985448e-16	2.903980403063135e-16	1.3309910098948805e-15	2.1388045977022027e-15	-1.4105047556355173e-15	-2.4891260390727467e-16	1.3137054094709115e-16	7.375188263637311e-16	7.743947676802757e-16	1.5718369986834867e-15	0.0	-5.531391197712109e-17
2.9862179193458105	0.009323187235955734	0.0073912890866411115	0.01112084676291907	0.005003798264127386	0.012301697109641206	0.020666399467302657	0.09787555896372725	1.2803399253991592	1.3265303861820092	0.0539119841736018	0.02022430663789014	0.015086215921821666	0.014036216400385831	0.009233292700508286	0.008069929291799087	0.010015991700766006	0.0077778571711091555	0.006855307804969133	0.017260012081503243	0.006109737946907559	0.011155112369144063	0.0042398929762552705	0.013201503487883747	0.0070894369088354905
1.7174776150437805	0.01864637447191789	0.01478257817327334	0.022241693525836336	0.010007596528252104	0.02460339421928398	0.041332798934604925	0.19575111792745456	2.5606798507983113	2.653060772364019	0.10782396834720075	0.04044861327577944	0.030172431843644494	0.028072432800770764	0.01846658540101628	0.01613985858359684	0.020031983401529875	0.015555714342219721	0.013710615609938515	0.034520024163006355	0.01221947589381438	0.02231022473828735	0.008479785952508968	0.026403006975767494	0.014178873817671037
0.4487373107417514	0.02796956170788004	0.022173867259905566	0.0333625402887536	0.01501139479237682	0.03690509132892675	0.061999198401907187	0.2936266768911819	3.841019776197463	3.979591158546029	0.16173595252079967	0.060672919913668744	0.04525864776546732	0.042108649201155694	0.027699878101524272	0.024209787875394597	0.03004797510229374	0.023333571513330282	0.020565923414907896	0.05178003624450945	0.018329213840721198	0.03346533710743063	0.012719678928762666	0.03960451046365124	0.02126831072650658
0.02148131598521978	0.025269439692873857	0.020093244134433464	0.031571296710427466	0.017690927095534312	0.03652535884381305	0.06401419506169974	0.26672254919620425	3.419158294195255	3.5396844602327198	0.15267264314403564	0.06510633280293056	0.06273816039505936	0.1030876664126954	3.4792882164512915	0.46044215038186354	0.0556769026836991	0.03149645732565294	0.04173664360853851	0.05533644658458857	0.019506578699373948	0.036636884906910874	0.016178234282045574	0.03853369725284068	0.02822061252744163
0.014967476001437004	0.016557663052383518	0.01327666490290921	0.023324007961479643	0.019208326418208188	0.029804911561321132	0.056703490317737436	0.17742857817187435	2.146196108492369	2.216559219671753	0.11212168699209019	0.06164429881787865	0.08141432137853599	0.18753808402981245	8.652054077625685	1.1107557294956676	0.08911229820542518	0.03985185745858165	0.07006506999649972	0.0520410560539557	0.018217757013899667	0.035816650421559605	0.01924612082384309	0.03032672569268298	0.03510434677442643
0.011673387981485527	0.018190982418771144	0.016770522979077773	0.01974524860324847	0.01745857235658938	0.02614864803193348	0.04364005713175434	0.13019065533564952	1.5084440454550219	1.5641193319819735	0.12564603956860187	0.42866143679546376	0.1250398092590548	0.2084824095223172	7.2635154056562685	3.4889930481048377	0.2739087816923631	0.11206967049467874	0.0829089958991498	0.06097464020630773	0.03190802017811068	0.040088372878425066	0.02261525550446676	0.03816861270043345	0.05026726958082994
0.008379299961534048	0.019824301785158774	0.02026438105524634	0.01616648924501729	0.01570881829497057	0.022492384502545825	0.030576623945771236	0.0829527324994247	0.8706919824176745	0.9116794442921943	0.13917039214511354	0.7956785747730488	0.16866529713957362	0.22942673501482197	5.874976733686852	5.867230366714008	0.45870526517930105	0.18428748353077581	0.09575292180179985	0.06990822435865977	0.045598283342321695	0.04436009533529052	0.025984390185090432	0.046010499708183925	0.06543019238723347
0.005085211941582572	0.021457621151546397	0.0237582391314149	0.012587729886786119	0.013959064233351763	0.018836120973158173	0.017513190759788144	0.035714809663199884	0.2329399193803275	0.2592395566024153	0.1526947447216252	1.1626957127506337	0.21229078502009244	0.2503710605073267	4.486438061717436	8.245467685323176	0.6435017486662389	0.2565052965668729	0.10859684770444991	0.0788418085110118	0.0592885465065327	0.04863181779215597	0.029353524865714103	0.05385238671593439	0.08059311519363697
0.004908861180911183	0.020730327575764797	0.023620636765011766	0.02444944966007677	0.021192291915895826	0.023464581005741926	0.01686792428600791	0.02761864821146295	0.021443370141941226	0.04370594163449959	0.13469458173287002	1.0453324307954053	0.21259357667334633	0.26258418349984514	3.5108440513362513	8.761091667941445	3.381306407239554	0.7422036373092672	0.1772099666581353	0.10560536436690589	0.09372889533534087	0.0589223097084155	0.041527003208630314	0.06969707299489997	0.09876539160767271
0.006291379049879838	0.01882272752889859	0.021667304177322787	0.04403140899912832	0.03291701047052132	0.03223540281931138	0.022431741168329106	0.03909336745196995	0.02307457780303536	0.04662546302751554	0.1009321609614815	0.6857789388737707	0.1912350202129678	0.2704317052423705	2.7417223717491828	8.345408982564265	7.395615153356056	1.4346422419048097	0.27370768213733826	0.14128390607457098	0.1385442869964476	0.07222218635437207	0.05810265338269279	0.0895431589094731	0.11844234482552454
0.0044320469057932774	0.018892483261998275	0.019431518840404068	0.021628272347784895	0.017473674111340723	0.019117710955329888	0.017671965465536336	0.027390133230188286	0.01895122685639135	0.037744526331970445	0.15796870797560117	1.2910507347606281	0.2274291721874676	0.19909530868837014	2.151575227033007	5.40950436902763	2.735312245824104	0.5785595074055817	0.1473250413854002	0.08183543939738219	0.08110448891102795	0.04348940567114505	0.043050190749630096	0.05319658159218042	0.08445033963238358
0.003276928438195241	0.02052397899701749	0.017126981646277267	0.010113802054738009	0.006489070172533297	0.008904857930281085	0.015182845422684195	0.020906645752103575	0.01356813488537073	0.032181985687960844	0.2395608597954617	2.1137561723883165	0.2904897846793765	0.07844284795785773	0.7328030841551342	1.5946081993947205	0.33038650470321584	0.09523622440281447	0.04790029408188338	0.0344525845407552	0.031622947129861696	0.0176142205796672	0.02471070532497347	0.018532500149318232	0.05976871012796579
0.08635114702300307	0.02302666445801326	0.01682000757544234	0.01185428227252797	0.007121769074184386	0.01247542814306097	0.023377976429705842	0.09007094331644189	0.869767524871901	0.7428502226851816	0.24239401663292753	1.847946387924604	0.24842117047127482	0.027015128508022162	0.024791000279328467	0.021256505112475284	0.020088465543399374	0.014564918363491927	0.019164266793312113	0.02314783569362179	0.016860359634311275	0.013258842368430697	0.017106669923923606	0.013847810955635403	0.04384432340910467
0.5276464478285426	0.022617581657619307	0.01591951693112392	0.014095575710631917	0.010032317724408997	0.01800655023281584	0.030023056082315515	0.15350209346851224	1.665073102545089	1.400508766564575	0.18897089461805866	1.0694477389105952	0.15512348268191567	0.028344274052470326	0.021909691550884947	0.02104041303336025	0.020358126418035506	0.014926310078621906	0.017757110162759226	0.02389083461744901	0.01640541899275595	0.01636951264482115	0.01537855052299461	0.02004210793575943	0.030599138773256127
1.3483953265082451	0.01879138749845014	0.012914803537400111	0.012980948754492152	0.00990814986447817	0.01793992301047869	0.028600878115795963	0.16121594681204596	1.8033097507647429	1.5110422032888098	0.13156379919662006	0.5023262909275724	0.08284555528150828	0.02448628030636746	0.01693904539215184	0.017564694744622127	0.0172386682606087	0.012722433076286642	0.014200685862224609	0.020447057824661632	0.013549640912090924	0.015333405954666594	0.012039336019207886	0.01998723316565823	0.01896606387822251
2.548597783062111	0.011548081980505744	0.007805867394270916	0.008510401404108673	0.0067492654943919	0.012275546476049507	0.019111442530147172	0.11321250334704303	1.284477469530862	1.0744505328578857	0.07017273036861171	0.14658204397553545	0.03158738827005264	0.015441147269713547	0.00987906180312914	0.010829350246260912	0.010730091071118952	0.007953287356486132	0.008494993891708255	0.012816505315259644	0.008293025392316196	0.010150522297967032	0.0070890264125634305	0.013683186645331784	0.008945098724003803
4.25495822364784	-6.420612698722547e-15	8.88333161657428e-15	1.8035512153166185e-15	2.6681961338980325e-15	-1.5692724867833847e-15	3.873310653584918e-16	-6.453879670981471e-17	6.859091140164284e-15	-6.22285499745782e-16	2.8578903053411582e-15	8.366232949328395e-16	-1.161592289886296e-15	8.98851097985448e-16	2.903980403063135e-16	1.3309910098948805e-15	2.1388045977022027e-15	-1.4105047556355173e-15	-2.4891260390727467e-16	1.3137054094709115e-16	7.375188263637311e-16	7.743947676802757e-16	1.5718369986834867e-15	0.0	-5.531391197712109e-17
