Ion	A	a	B	b	C	c	D
Sc0	10.8172	54.3270	4.7353	14.8471	0.6071	4.2180	0.0011
Sc1	8.5021	34.2851	3.2116	10.9940	0.4244	3.6055	0.0009
Sc2	4.3683	28.6544	3.7231	10.8233	0.6074	3.6678	0.0014
Ti0	4.3583	36.0556	3.8230	11.1328	0.6855	3.4692	0.0020
Ti1	6.1567	27.2754	2.6833	8.9827	0.4070	3.0524	0.0011
Ti2	4.3107	18.3484	2.0960	6.7970	0.2984	2.5476	0.0007
Ti3	3.3717	14.4441	1.8258	5.7126	0.2470	2.2654	0.0005
V0	3.8099	21.3471	2.3295	7.4089	0.4333	2.6324	0.0015
V1	4.7474	23.3226	2.3609	7.8082	0.4105	2.7063	0.0014
V2	3.4386	16.5303	1.9638	6.1415	0.2997	2.2669	0.0009
V3	2.3005	14.6821	2.0364	6.1304	0.4099	2.3815	0.0014
V4	1.8377	12.2668	1.8247	5.4578	0.3979	2.2483	0.0012
V0	3.8989	20.4087	2.2151	7.0842	0.3921	2.5401	0.0014
Cr0	3.4085	20.1267	2.1006	6.8020	0.4266	2.3941	0.0019
Cr1	3.7768	20.3456	2.1028	6.8926	0.4010	2.4114	0.0017
Cr2	2.6422	16.0598	1.9198	6.2531	0.4446	2.3715	0.0020
Cr3	1.6262	15.0656	2.0618	6.2842	0.5281	2.3680	0.0023
Cr4	1.0293	13.9498	1.9933	6.0593	0.5974	2.3457	0.0027
Mn0	2.6681	16.0601	1.7561	5.6396	0.3675	2.0488	0.0017
Mn1	3.2953	18.6950	1.8792	6.2403	0.3927	2.2006	0.0022
Mn2	2.0515	15.5561	1.8841	6.0625	0.4787	2.2323	0.0027
Mn3	1.2427	14.9966	1.9567	6.1181	0.5732	2.2577	0.0031
Mn4	0.7879	13.8857	1.8717	5.7433	0.5981	2.1818	0.0034
Fe0	1.9405	18.4733	1.9566	6.3234	0.5166	2.1607	0.0036
Fe1	2.6290	18.6598	1.8704	6.3313	0.4690	2.1628	0.0031
Fe2	1.6490	16.5593	1.9064	6.1325	0.5206	2.1370	0.0035
Fe3	1.3602	11.9976	1.5188	5.0025	0.4705	1.9914	0.0038
Fe4	1.5582	8.2750	1.1863	3.2794	0.1366	1.1068	-0.0022
Co0	1.9678	14.1699	1.4911	4.9475	0.3844	1.7973	0.0027
Co1	2.4097	16.1608	1.5780	5.4604	0.4095	1.9141	0.0031
Co2	1.9049	11.6444	1.3159	4.3574	0.3146	1.6453	0.0017
Co3	1.7058	8.8595	1.1409	3.3086	0.1474	1.0899	-0.0025
Co4	1.3110	8.0252	1.1551	3.1792	0.1608	1.1301	-0.0011
Ni0	1.0302	12.2521	1.4669	4.7453	0.4521	1.7437	0.0036
Ni1	2.1040	14.8655	1.4302	5.0714	0.4031	1.7784	0.0034
Ni2	1.7080	11.0160	1.2147	4.1031	0.3150	1.5334	0.0018
Ni3	1.1612	7.7000	1.0027	3.2628	0.2719	1.3780	0.0025
Ni4	1.1612	7.7000	1.0027	3.2628	0.2719	1.3780	0.0025
Cu0	1.9182	14.4904	1.3329	4.7301	0.3842	1.6394	0.0035
Cu1	1.8814	13.4333	1.2809	4.5446	0.3646	1.6022	0.0033
Cu2	1.5189	10.4779	1.1512	3.8132	0.2918	1.3979	0.0017
Cu3	1.2797	8.4502	1.0315	3.2796	0.2401	1.2498	0.0015
Cu4	0.9568	7.4481	0.9099	3.3964	0.3729	1.4936	0.0049
Y0	14.4084	44.6577	5.1045	14.9043	-0.0535	3.3189	0.0028
Zr0	10.1378	35.3372	4.7734	12.5453	-0.0489	2.6721	0.0036
Zr1	11.8722	34.9200	4.0502	12.1266	-0.0632	2.8278	0.0034
Nb0	7.4796	33.1789	5.0884	11.5708	-0.0281	1.5635	0.0047
Nb1	8.7735	33.2848	4.6556	11.6046	-0.0268	1.5389	0.0044
Mo0	5.1180	23.4217	4.1809	9.2080	-0.0505	1.7434	0.0053
Mo1	7.2367	28.1282	4.0705	9.9228	-0.0317	1.4552	0.0049
Tc0	4.2441	21.3974	3.9439	8.3753	-0.0371	1.1870	0.0066
Tc1	6.4056	24.8243	3.5400	8.6112	-0.0366	1.4846	0.0044
Ru0	3.7445	18.6128	3.4749	7.4201	-0.0363	1.0068	0.0073
Ru1	5.2826	23.6832	3.5813	8.1521	-0.0257	0.4255	0.0131
Rh0	3.3651	17.3444	3.2121	6.8041	-0.0350	0.5031	0.0146
Rh1	4.0260	18.9497	3.1663	6.9998	-0.0296	0.4862	0.0127
Pd0	3.3105	14.7265	2.6332	5.8618	-0.0437	1.1303	0.0053
Pd1	4.2749	17.9002	2.7021	6.3541	-0.0258	0.6999	0.0071
Ce2	0.9809	18.0630	1.8413	7.7688	0.9905	2.8452	0.0120
Nd2	1.4530	18.3398	1.6196	7.2854	0.8752	2.6224	0.0126
Nd3	0.6751	18.3421	1.6272	7.2600	0.9644	2.6016	0.0150
Sm2	1.0360	18.4249	1.4769	7.0321	0.8810	2.4367	0.0152
Sm3	0.4707	18.4301	1.4261	7.0336	0.9574	2.4387	0.0182
Eu2	0.8970	18.4429	1.3769	7.0054	0.9060	2.4213	0.0190
Eu3	0.3985	18.4514	1.3307	6.9556	0.9603	2.3780	0.0197
Gd2	0.7756	18.4695	1.3124	6.8990	0.8956	2.3383	0.0199
Gd3	0.3347	18.4758	1.2465	6.8767	0.9537	2.3184	0.0217
Tb2	0.6688	18.4909	1.2487	6.8219	0.8888	2.2751	0.0215
Tb3	0.2892	18.4973	1.1678	6.7972	0.9437	2.2573	0.0232
Dy2	0.5917	18.5114	1.1828	6.7465	0.8801	2.2141	0.0229
Dy3	0.2523	18.5172	1.0914	6.7362	0.9345	2.2082	0.0250
Ho2	0.5094	18.5155	1.1234	6.7060	0.8727	2.1589	0.0242
Ho3	0.2188	18.5157	1.0240	6.7070	0.9251	2.1614	0.0268
Er2	0.4693	18.5278	1.0545	6.6493	0.8679	2.1201	0.0261
Er3	0.1710	18.5337	0.9879	6.6246	0.9044	2.1004	0.0278
Tm2	0.4198	18.5417	0.9959	6.6002	0.8593	2.0818	0.0284
Tm3	0.1760	18.5417	0.9105	6.5787	0.8970	2.0622	0.0294
Yb2	0.3852	18.5497	0.9415	6.5507	0.8492	2.0425	0.0301
Yb3	0.1570	18.5553	0.8484	6.5403	0.8880	2.0367	0.0318
Pr3	0.8734	18.9876	1.5594	6.0872	0.8142	2.4150	0.0111
U3	4.1582	16.5336	2.4675	5.9516	-0.0252	0.7646	0.0057
U4	3.7449	13.8944	2.6453	4.8634	-0.5218	3.1919	0.0009
U5	3.0724	12.5460	2.3076	5.2314	-0.0644	1.4738	0.0035
Np3	3.7170	15.1333	2.3216	5.5025	-0.0275	0.7996	0.0052
Np4	2.9203	14.6463	2.5979	5.5592	-0.0301	0.3669	0.0141
Np5	2.3308	13.6540	2.7219	5.4935	-0.1357	0.0493	0.1224
Np6	1.8245	13.1803	2.8508	5.4068	-0.1579	0.0444	0.1438
Pu3	2.0885	12.8712	2.5961	5.1896	-0.1465	0.0393	0.1343
Pu4	2.7244	12.9262	2.3387	5.1633	-0.1300	0.0457	0.1177
Pu5	2.1409	12.8319	2.5664	5.1522	-0.1338	0.0457	0.1210
Pu6	1.7262	12.3240	2.6652	5.0662	-0.1695	0.0406	0.1550
Am2	3.5237	15.9545	2.2855	5.1946	-0.0142	0.5853	0.0033
Am3	2.8622	14.7328	2.4099	5.1439	-0.1326	0.0309	0.1233
Am4	2.4141	12.9478	2.3687	4.9447	-0.2490	0.0215	0.2371
Am5	2.0109	12.0534	2.4155	4.8358	-0.2264	0.0275	0.2128
Am6	1.6778	11.3372	2.4531	4.7247	-0.2043	0.0337	0.1892
Am7	1.8845	9.1606	2.0746	4.0422	-0.1318	1.7227	0.0020
